edge_1 = 0.0
edge_10 = 1.9780072037948901
edge_11 = 4.0
edge_2 = 0.30424001843018356
edge_3 = 0.4470169365584658
edge_4 = 0.5790563235085222
edge_5 = 0.7142847222623644
edge_6 = 0.8615158767614158
edge_7 = 1.0308367331216048
edge_8 = 1.2385326146906395
edge_9 = 1.5190230813279184
nbin = 10
ngal_1 = 2.6276343484598508
ngal_10 = 2.7316401927868643
ngal_2 = 2.6315711891966886
ngal_3 = 2.6561125849158387
ngal_4 = 2.8028126626066205
ngal_5 = 2.756835913018581
ngal_6 = 2.7141604857453085
ngal_7 = 2.6141791112978687
ngal_8 = 2.726242434992305
ngal_9 = 2.738811076980079
nz = 401
