age = 13.809639886150874
chistar = 13880.021032467415
cmbshift = 1.749724202132941
dastar = 13.880348714454259
kd = 0.14075405039515923
keq = 0.010417224999060436
nz = 100
rdrag = 147.09230307269007
rs_zdrag = 147.09230307269007
rstar = 144.3925943158965
thetad = 0.1608009442132859
thetaeq = 0.8102459832036097
thetarseq = 0.4478741648808062
thetastar = 1.0402663311011322
zdrag = 1059.7068654223901
zeq = 3413.5670822133993
zstar = 1090.1343813194137
