edge_1 = 0.0
edge_2 = 0.4470169365584658
edge_3 = 0.7142847222623644
edge_4 = 1.0308367331216048
edge_5 = 1.5190230813279184
edge_6 = 4.0
nbin = 5
ngal_1 = 5.259205537656538
ngal_2 = 5.458925247522458
ngal_3 = 5.470996398763888
ngal_4 = 5.340421546290171
ngal_5 = 5.470451269766941
nz = 401
