age = 13.83021575086757
chistar = 13909.691847980828
cmbshift = 1.7490414829782044
dastar = 13.910091339195805
kd = 0.13271128748175773
keq = 0.010364631284352905
nz = 20
rdrag = 151.02366904444455
rs_zdrag = 151.02366904444455
rstar = 146.6434740367343
thetad = 0.17018137508951142
thetaeq = 0.8126161877900758
thetarseq = 0.45257678671646745
thetastar = 1.0542236600813888
zdrag = 1049.6283158034164
zeq = 3396.3278686033796
zstar = 1096.9840264366514
