age = 13.809639886150874
chistar = 13880.092191391042
cmbshift = 1.749724202633225
dastar = 13.880348718422951
kd = 0.14075406257536444
keq = 0.010417224999060436
nz = 150
rdrag = 147.0922847304495
rs_zdrag = 147.0922847304495
rstar = 144.39259251479857
thetad = 0.16080093025233985
thetaeq = 0.810245982971943
thetarseq = 0.4478741647527493
thetastar = 1.0402663178278138
zdrag = 1059.70706801895
zeq = 3413.5670822133993
zstar = 1090.1344020325253
