age = 13.809639886150874
chistar = 13880.007194795064
cmbshift = 1.7497242019432426
dastar = 13.880348712949406
kd = 0.1407540457765746
keq = 0.010417224999060436
nz = 150
rdrag = 147.0923209514032
rs_zdrag = 147.0923209514032
rstar = 144.39259499885074
thetad = 0.16080094950710594
thetaeq = 0.8102459832914535
thetarseq = 0.447874164929363
thetastar = 1.04026633613421
zdrag = 1059.7066679457093
zeq = 3413.5670822133993
zstar = 1090.1343734652557
