age = 13515.008805246693
#age unit = Gyr
cmbshift = 1.7418961118645842
nz = 150
