a_s = 2.1005829616811546e-09
baryon_fraction = 0.15637336820205525
consistency_module_was_used = True
cosmomc_theta = 1.040909
cs2_de = 1.0
h0 = 0.6733136806664011
hubble = 67.33136806664011
k = -0.0
k_s = 0.05
log1e10as = 3.0448
massive_nu = 1
massless_nu = 2.0313333333333334
mnu = 0.06
n_eff = 3.0460000000000003
n_run = 0.0
n_s = 0.96605
n_t = 0.0
nnu = 3.046
num_massive_neutrinos = 1
num_nu_massive = 1
num_nu_massless = 2.0313333333333334
ombh2 = 0.022383
omch2 = 0.12011
omega_b = 0.04937230659593318
omega_c = 0.2649380219469032
omega_k = 0.0
omega_lambda = 0.6842672280832471
omega_m = 0.3157327719167528
omega_nu = 0.0014224433739164154
omlamh2 = 0.3102172585175724
ommh2 = 0.1431378665706251
omnuh2 = 0.000644866570625114
r_t = 0.0
s_8 = 0.833144222300343
sigma_12 = 0.8064098649639314
sigma_8 = 0.8121214531820502
tau = 0.0543
tcmb = 2.7255
w = -1.0
wa = 0.0
yhe = 0.245341
