age = 13.809639886150874
chistar = 13880.04233554688
cmbshift = 1.7497242025783997
dastar = 13.880348717988028
kd = 0.14075406124062226
keq = 0.010417224999060436
nz = 150
rdrag = 147.09228604082617
rs_zdrag = 147.09228604082617
rstar = 144.392592712168
thetad = 0.16080093178222093
thetaeq = 0.810245982997331
thetarseq = 0.4478741647667829
thetastar = 1.0402663192823434
zdrag = 1059.7070535453715
zeq = 3413.5670822133993
zstar = 1090.1343997627223
