age = 13.809639886150874
chistar = 13880.109584686328
cmbshift = 1.7497242025808124
dastar = 13.88034871800717
kd = 0.1407540612993414
keq = 0.010417224999060436
nz = 150
rdrag = 147.09247265363908
rs_zdrag = 147.09247265363908
rstar = 144.39259270348515
thetad = 0.16080093171491694
thetaeq = 0.8102459829962135
thetarseq = 0.44787416476616526
thetastar = 1.0402663192183539
zdrag = 1059.704992343211
zeq = 3413.5670822133993
zstar = 1090.1343998625775
