age = 13.809639886150874
chistar = 13880.219288970926
cmbshift = 1.7497241879692784
dastar = 13.88034860209565
kd = 0.1407537055567722
keq = 0.010417224999060436
nz = 401
rdrag = 147.0922904955338
rs_zdrag = 147.0922904955338
rstar = 144.3926453074743
thetad = 0.16080133946789518
thetaeq = 0.8102459897623868
thetarseq = 0.44787416850625683
thetastar = 1.0402667068871307
zdrag = 1059.7070043415408
zeq = 3413.5670822133993
zstar = 1090.1337949027668
