age = 13.796077824026042
chistar = 13868.956279377806
cmbshift = 1.750275216505905
dastar = 13.86914779859402
kd = 0.14092119229341007
keq = 0.010392477593492952
nz = 150
rdrag = 147.0493695460924
rs_zdrag = 147.0493695460924
rstar = 144.39409925010182
thetad = 0.16073993464940975
thetaeq = 0.8128453733411101
thetarseq = 0.44915496360338225
thetastar = 1.0411173155479656
zdrag = 1059.9699859127459
zeq = 3404.9064275671017
zstar = 1089.9109008603314
