age = 13.809639886150874
chistar = 13880.007391415802
cmbshift = 1.7497242019799855
dastar = 13.880348713240883
kd = 0.14075404667110483
keq = 0.010417224999060436
nz = 150
rdrag = 147.09232031553105
rs_zdrag = 147.09232031553105
rstar = 144.39259486657576
thetad = 0.16080094848179552
thetaeq = 0.810245983274439
thetarseq = 0.44787416491995796
thetastar = 1.0402663351593993
zdrag = 1059.7066749691403
zeq = 3413.5670822133993
zstar = 1090.1343749864538
