age = 13.809639886150874
chistar = 13880.231579039075
cmbshift = 1.7497241905218546
dastar = 13.880348622344929
kd = 0.14075376770362216
keq = 0.010417224999060436
nz = 150
rdrag = 147.09228478650908
rs_zdrag = 147.09228478650908
rstar = 144.3926361177589
thetad = 0.16080126823487964
thetaeq = 0.8102459885803635
thetarseq = 0.44787416785287776
thetastar = 1.0402666391628814
zdrag = 1059.7070673997518
zeq = 3413.5670822133993
zstar = 1090.133900586894
