age = 13.809639886150874
chistar = 13880.11374649844
cmbshift = 1.7497241995892676
dastar = 13.880348694275607
kd = 0.1407539884650282
keq = 0.010417224999060436
nz = 150
rdrag = 147.09249828609248
rs_zdrag = 147.09249828609248
rstar = 144.39260347356137
thetad = 0.16080101519761172
thetaeq = 0.8102459843815104
thetarseq = 0.44787416553190634
thetastar = 1.0402663985891816
zdrag = 1059.704709224467
zeq = 3413.5670822133993
zstar = 1090.1342760038094
