age = 13.809639886150874
chistar = 13880.231406545025
cmbshift = 1.7497241906898102
dastar = 13.880348623677298
kd = 0.1407537717927342
keq = 0.010417224999060436
nz = 150
rdrag = 147.09228480436988
rs_zdrag = 147.09228480436988
rstar = 144.3926355130979
thetad = 0.16080126354792196
thetaeq = 0.8102459885025882
thetarseq = 0.4478741678098865
thetastar = 1.0402666347067888
zdrag = 1059.7070672024734
zeq = 3413.5670822133993
zstar = 1090.1339075406536
